-1989.739459 1.519717 0.272167
-1965.357925 0.658912 0.198476
-1940.996312 1.063212 0.234323
-1916.614779 1.084738 0.234356
-1892.233246 1.144913 0.240243
-1867.851713 1.280012 0.251649
-1843.470179 0.869260 0.215819
-1819.108566 0.876895 0.212407
-1794.727033 1.265566 0.246209
-1770.345500 0.849217 0.212441
-1745.963966 1.308394 0.251798
-1721.582433 1.075578 0.237682
-1697.220820 1.061927 0.237705
-1672.839287 1.263191 0.254654
-1648.457753 0.848746 0.219133
-1624.076220 1.146736 0.246430
-1599.694687 0.837186 0.219187
-1575.333074 0.734793 0.209547
-1550.951540 0.534615 0.187833
-1526.570007 0.583015 0.191643
-1502.188474 0.558090 0.187870
-1477.806941 0.557342 0.187893
-1453.445327 0.841150 0.216250
-1429.063794 1.017674 0.232159
-1404.682261 0.775485 0.209731
-1380.300728 1.061811 0.234995
-1355.919195 0.928278 0.222923
-1331.557581 1.070235 0.235048
-1307.176048 0.970503 0.226085
-1282.794515 0.718727 0.202958
-1258.412982 0.713539 0.202980
-1234.051368 0.955479 0.226182
-1209.669835 0.813989 0.213073
-1185.288302 0.703257 0.203068
-1160.906769 0.994760 0.229390
-1136.525236 0.653525 0.195852
-1112.163622 1.038238 0.232567
-1087.782089 0.957919 0.226370
-1063.400556 0.625288 0.195935
-1039.019023 1.035503 0.235432
-1014.637490 0.655217 0.199442
-990.275876 0.515597 0.184233
-965.894343 0.654154 0.199501
-941.512810 0.517625 0.184295
-917.131277 0.552247 0.188475
-892.749744 0.237276 0.147958
-868.388130 0.618386 0.196165
-844.006597 0.416953 0.171930
-819.625064 0.623121 0.196214
-795.243531 0.349233 0.162955
-770.861998 0.595655 0.192455
-746.500384 0.981189 0.229943
-722.118851 0.876668 0.220268
-697.737318 0.768784 0.210583
-673.355785 0.878111 0.220322
-648.974251 1.328884 0.258896
-624.612638 0.819932 0.213837
-600.231105 1.089818 0.236093
-575.849572 1.090147 0.236144
-551.468039 0.909362 0.220563
-527.106425 0.864951 0.217483
-502.724892 0.697373 0.203987
-478.343359 0.935781 0.227312
-453.961826 0.389151 0.167917
-429.580292 0.285539 0.153702
-405.218679 0.696897 0.204167
-380.837146 0.511362 0.185072
-356.455613 0.265987 0.153788
-332.074079 0.127740 0.131198
-307.692546 0.719194 0.207839
-283.330933 0.413000 0.172706
-258.949400 0.588411 0.193305
-234.567866 0.552823 0.189503
-210.186333 0.577573 0.193387
-185.804800 0.541143 0.189592
-161.443187 0.550584 0.189645
-137.061653 0.451190 0.177144
-112.680120 0.590884 0.193572
-88.298587 0.690519 0.204761
-63.917054 0.331048 0.163997
-39.555441 0.534976 0.189874
-15.173907 0.807708 0.218530
9.207626 1.055035 0.240575
33.589159 0.983602 0.234701
57.970692 0.842579 0.221828
82.332306 1.190077 0.252281
106.713839 0.952334 0.231706
131.095372 0.730048 0.208705
155.476905 1.159786 0.246869
179.858438 0.953161 0.228737
204.220052 1.278333 0.252576
228.601585 1.558467 0.268747
252.983118 1.569938 0.271598
277.364651 1.288915 0.252772
301.726265 1.417655 0.261230
326.107798 1.523517 0.274247
350.489331 1.500910 0.274311
374.870864 1.148714 0.247375
399.252397 1.076768 0.241460
423.614011 1.364694 0.263944
447.995544 1.187801 0.250318
472.377077 1.288971 0.258781
496.758610 1.325479 0.261632
521.140143 1.544673 0.277120
545.501757 1.270364 0.256112
569.883290 0.844986 0.219681
594.264823 0.987662 0.232699
618.646356 1.371670 0.264348
643.027889 0.989126 0.232799
667.389503 1.508846 0.274972
691.771036 1.219547 0.253592
716.152569 1.188389 0.250850
740.534102 1.049008 0.238942
764.915636 1.225825 0.253740
789.277249 1.356992 0.264697
813.658782 1.254188 0.256666
838.040315 1.111158 0.245112
862.421848 0.824453 0.220182
886.803382 1.114971 0.245191
911.164995 0.989278 0.233279
935.546528 1.558692 0.278032
959.928061 1.083941 0.242530
984.309595 1.771455 0.256376
1008.671208 1.416515 0.270452
1033.052741 1.069429 0.242673
1057.434274 1.381407 0.268085
1081.815808 1.492894 0.275878
1106.197341 1.432948 0.270661
1130.558954 0.923594 0.227359
1154.940487 1.169617 0.248908
1179.322021 1.441521 0.270817
1203.703554 0.779037 0.214090
1228.085087 0.562745 0.191918
1252.446700 0.973867 0.233938
1276.828233 1.255526 0.257634
1301.209767 0.519005 0.187799
1325.591300 0.760122 0.214307
1349.972833 0.960475 0.234127
1374.334446 0.774041 0.217517
1398.715980 0.703710 0.210789
1423.097513 0.654769 0.203355
1447.479046 0.957710 0.230873
1471.860579 0.553919 0.192020
1496.222193 0.582981 0.195885
1520.603726 0.804612 0.217396
1544.985259 0.491714 0.187736
1569.366792 1.025717 0.239936
1593.748325 0.855254 0.224038
1618.109939 1.144368 0.249068
1642.491472 0.823453 0.220826
1666.873005 1.347596 0.265598
1691.254538 0.676624 0.207031
1715.636071 1.170333 0.251800
1739.997685 0.996940 0.236969
1764.379218 1.279157 0.260217
1788.760751 1.317914 0.263021
1813.142284 0.749841 0.213988
1837.503898 1.316214 0.262971
1861.885431 1.281042 0.260126
1886.266964 1.009413 0.236849
1910.648497 1.115123 0.245629
1935.030030 0.827058 0.220595
1959.391644 1.111020 0.245594
1983.773177 1.067269 0.242752
