-2003.485500 0.801188 0.225168
-1978.661445 0.840472 0.228509
-1953.837390 0.917067 0.235038
-1929.013335 0.652592 0.210962
-1904.209561 1.199223 0.257970
-1879.385506 0.764918 0.221718
-1854.561451 0.763602 0.222248
-1829.737396 1.041394 0.246154
-1804.913341 1.115119 0.252207
-1780.109568 0.986385 0.241758
-1755.285513 1.095399 0.250754
-1730.461458 0.613826 0.208209
-1705.637403 1.229315 0.262703
-1680.813348 1.016732 0.246907
-1656.009574 0.945411 0.241575
-1631.185519 1.159692 0.259222
-1606.361464 1.164431 0.259790
-1581.537409 1.059319 0.251787
-1556.713354 0.844739 0.234565
-1531.909580 1.224091 0.266881
-1507.085525 1.153809 0.262120
-1482.261470 1.156468 0.262720
-1457.437415 0.774053 0.230410
-1432.613360 0.667458 0.220710
-1407.809586 1.113648 0.258755
-1382.985531 1.174808 0.261990
-1358.161476 1.102546 0.256828
-1333.337421 0.950017 0.245614
-1308.513366 1.092613 0.252200
-1283.709593 1.070658 0.252751
-1258.885538 1.052476 0.253285
-1234.061483 1.132207 0.259586
-1209.237428 1.301112 0.277274
-1184.413373 0.859993 0.242352
-1159.609599 1.073043 0.261242
-1134.785544 0.676767 0.226491
-1109.961489 0.831158 0.240476
-1085.137434 0.660845 0.224071
-1060.313379 0.745048 0.231624
-1035.509605 0.780867 0.235532
-1010.685550 0.421314 0.197722
-985.861495 0.453977 0.202425
-961.037440 0.193694 0.170036
-936.213385 0.307866 0.185492
-911.409611 0.309210 0.185868
-886.585556 0.347838 0.190835
-861.761501 0.194766 0.171435
-836.937446 0.154852 0.166049
-812.133672 0.158542 0.166418
-787.309617 0.276222 0.182877
-762.485562 0.236566 0.178047
-737.661507 0.242339 0.178398
-712.837453 0.423929 0.202695
-688.033679 0.277123 0.184354
-663.209624 0.803129 0.242913
-638.385569 0.887247 0.250107
-613.561514 0.918568 0.250617
-588.737459 0.961690 0.254663
-563.933685 1.030986 0.261965
-539.109630 1.184066 0.275074
-514.285575 0.978195 0.259425
-489.461520 0.848943 0.249921
-464.637465 0.581099 0.223846
-439.833691 0.890433 0.254171
-415.009636 0.891573 0.254672
-390.185581 1.202127 0.281694
-365.361526 0.843500 0.252453
-340.537471 0.845254 0.252968
-315.733697 0.848908 0.253479
-290.909642 0.700536 0.239194
-266.085587 0.661026 0.235731
-241.261532 0.432107 0.210603
-216.437477 0.353284 0.201586
-191.633704 0.306561 0.197126
-166.809649 0.068210 0.162694
-141.985594 0.425701 0.212294
-117.161539 0.347994 0.203227
-92.337484 0.305509 0.198701
-67.533710 0.155280 0.176834
-42.709655 0.067946 0.164348
-17.885600 0.186058 0.183640
6.938455 0.230603 0.189530
31.762510 0.267808 0.195464
56.566284 0.624839 0.237918
81.390339 0.499360 0.225212
106.214394 1.021476 0.276590
131.038449 1.075660 0.280544
155.862504 1.090873 0.281112
180.666278 1.452108 0.310773
205.490333 1.415879 0.308302
230.314388 2.197538 0.321561
255.138443 2.203087 0.322365
279.942217 2.000113 0.309766
304.766271 1.482151 0.313875
329.590326 1.658565 0.326589
354.414381 1.623769 0.324112
379.238436 1.369644 0.306388
404.042210 1.157312 0.290246
428.866265 1.204353 0.294325
453.690320 1.291012 0.301559
478.514375 1.165126 0.291987
503.338430 1.244785 0.299228
528.142204 1.163572 0.293148
552.966259 1.209484 0.297271
577.790314 1.371706 0.311296
602.614369 1.447283 0.318259
627.438424 0.874892 0.269595
652.242198 1.054199 0.285031
677.066253 1.225384 0.300241
701.890308 1.724779 0.336491
726.714363 1.570079 0.324687
751.538418 0.902272 0.268376
776.342192 1.339988 0.299077
801.166247 1.966919 0.345313
825.990302 1.678210 0.330562
850.814357 1.106149 0.286050
875.638411 1.503168 0.322120
900.442185 1.847916 0.350983
925.266240 1.636691 0.336522
950.090295 2.329718 0.340849
974.914350 1.648590 0.337881
999.738405 1.610762 0.335273
1024.542179 1.652870 0.339244
1049.366234 1.441897 0.323427
1074.190289 1.705205 0.343529
1099.014344 1.442587 0.324743
1123.838399 1.661939 0.342017
1148.642173 1.270625 0.312007
1173.466228 1.314451 0.315958
1198.290283 1.095617 0.298000
1223.114338 0.960966 0.287081
1247.938393 1.315779 0.317883
1272.742167 0.866955 0.280051
1297.566222 0.607629 0.253352
1322.390277 0.787823 0.272585
1347.214332 0.796647 0.273152
1372.038387 0.483210 0.240007
1396.842160 0.754194 0.269753
1421.666215 1.059931 0.299790
1446.490270 1.195094 0.312180
1471.314325 0.960062 0.288887
1496.118099 1.062033 0.297447
1520.942154 1.385368 0.325187
1545.766209 0.739008 0.268562
1570.590264 0.495883 0.244032
1595.414319 0.900774 0.287681
1620.218093 0.682719 0.265253
1645.042148 0.784185 0.275403
1669.866203 1.433780 0.333175
1694.690258 1.035330 0.298589
1719.514313 0.668271 0.262420
1744.318087 0.903014 0.286571
1769.142142 0.857884 0.282907
1793.966197 1.363259 0.329168
1818.790252 1.318869 0.325915
1843.614307 0.752874 0.275256
1868.418081 1.381336 0.334696
1893.242136 0.963895 0.299180
1918.066190 1.103576 0.312398
1942.890245 1.150104 0.316980
1967.714300 1.241584 0.325989
